1110010110111000011110011101111000111101100111
1000010100110010000111101101111100101110101101
0000010110101001110011000100110010111110100101
1001110000100010101110010011111111110100000101
0101100100111000011011101011010101100100000101
1100010010110000001010011010010101110100101110
0100100100100010010111100010011001100100101110
1001100000100001000011010001011010110100001110
1101110100101010111110111110101010000100001110
1110100110101010101010001110101000000100001110
1111000010101001111010110101101011011100110010
1000111011000101001101110101100001011100110010
1000000110110111010111101101000011001100110010
1111110101110100000101011110000001001100110010
1000110101101000000101101110000011011100010010
1111011101001010011101010001000010011100010010
1001111011010110101001100001000000011100010010
0110001010010111111011011010100010101000010010
0101010011111000111001001000100010101000010010
1110110101110001001001101000100000101000010010
1110111001001101011001110011100011110000111000
0101111001000011110001100001100011110000111000
0110010101101011100001110010100001110000111000
1110111011000111010100111000000001110000111000
0011111111010001110100101010000011100000111000
0101101011001100100100011011000010100000111000
0101111011010000000100011001000010100000111000
1001011011000101110100000011000000100000111000
0100111011001000110100110000000000100000111000
0000011011001101000100110010000010110000011000
1000001011001000100100000010000010110000011000
0100101001010101010100001000100010010000011000