000011011100101000000001100010011010001110100
000000001001000100110010000100010010101110100
110111011101100010100111100100010010101110100
100011011100101010100000011010000011101110100
000010011001000110010011011000001011101110100
010110011000100100010100110100101011101110100
000111011101101000000011000111101011101110100
010101011100000000100100101011111011101110100
100011011100001100100111001001110011001100110
110011111101100010000010011111110011001100110
101011011100101010000101110111010001000101110
101010011001000110110110010001001000000001011
101011111100001110100001101000001100000001011
110011011101110000000110101110001100000001011
100011011100111000000001010100100100100001011
111011011101010100100010110000110100100001011
101010111000011100110101011010110100100001011
110010011001100011010000001101111100100001011
100010101010101011010111101101111100100001011
101111011101100111100100000011001111100001011
110110011000011111110011110011001111100001011
101010011001011011010100111101000111000011011
001010111001010011110011001110000011010011011
010110111000101000110101100010110011010011011
011110111001100100010110100100111011010011011
000000110000110100111001011110111011010011011
101110111001111000110110111010101010010111011
110110101010000001010001100001000000111111011
011010101010000001110110000111000000111111011
010110111001011101110101101111000000111111011
110011011100001100000011111001011000111111011
101110011001000000110100010111111000111111011