111011111100011111101000111101000001000110011101
111011111100011010011111011000001011100010110011
111011111100000011110110111101101001110111011010
111011111100000011100001111101100101000001010110
111011111100000010000110011100100101000001011011
111011101001010101011101111101000001111111011101
111011001011011101111010011111001000011011000000
111011001011011100100101111100001001001111011110
111011001011001101000110111101000001101011011010
111011001011000001110011011101110001010111010100
111011000011100010111100111100110001110110010101
111010000111110011001111011101111001110010011011
111010000111110011000000111001111011001110111101
111010000100111110110111111100110101101001010001
111010000100111110110000011100110001001110010011
111010000100101101011010111101001001110011010101
111010000100101100001101011001001011010110110111
111010000100100100101010011000000011111010110001
111010000000110001110101111000000011011110110011
111010000000110000010110011001011011100011110101
111010000000010010001001111101011001000110010101
101110100010001011101110111000010011101010110101
101100110011001111111001011000010011001111110011
101100110011001110010011111001001011100010110001
100101110111011111010100111001000011000010101010
100101110111010111100011011000000011101110111000
100101110111010100101100111100001001001010011010
100101110111010000011011011100011001000110010000
100101110111000001011000011001010011101010110001
100101110101001000100111111001010011001110111011
100101110101001000100001011101001001000100000000
100101110001011001000110011000000011101010110000