0001100001000100100001000010101010101000100101
0001100001010100001000000001001001001100010100
0001100001010100001000110000101011001100000110
0001110000010000000000110011001001001100100111
0001110000010000011000000011101010001110010110
0001110000010100010001100000001000101110100111
0001110000010100011001100001001011001110100101
0001110000011100001001010011101000101111001111
0001110001011000000001110010101110001101110111
0001110001011000101000111001100101011001101010
0001110001011100110000011011100100001010100111
0001110001011100111000111110100011001001110111
0100100010010000100001011100100000111001111011
0100100010010100100001001111000001111110100010
0100100010010100101001101111110110100101100100
0100100111000000010000011101000110101110010111
0100100111000100010000101110001101001011111110
0100100111001100001011011000001001011000011011
0100110110001000001011101000001010111011111011
0100110110001100010011011010111110110100011000
0100110111001000110010111100101010001100010111
0100110111001100110110110111110001010111110000
0111000100000000101111000101010101010101111001
0111000100000100101111110111011101010010111011
0111000101010101010100101000110000010010010001
0111010100011001001100011010011100010000101001
0111010101011011001001100100010000110100110010
1010000100011011011001011110010001110010101001
1010000101011111111100100101011100010010010011
1010010111110101100010001011110001010100001010
1011010110110011110111011000011100110000011010
1110011111010001110111100110011001110101111010